$$
$$ Optistruct Input Deck Generated by HyperMesh Version  : 2019.1.0.20
$$ Generated using HyperMesh-Optistruct Template Version : 2019.1.0.20
$$
$$   Template:  optistruct
$$
$$
$$ optistruct
$
$$------------------------------------------------------------------------------$
$$                      Case Control Cards                                      $
$$------------------------------------------------------------------------------$
$$--------------------------------------------------------------
$$ HYPERMESH TAGS 
$$--------------------------------------------------------------
$$BEGIN TAGS
$$END TAGS
$
BEGIN BULK
$$
$$  Stacking Information for Ply-Based Composite Definition
$$





$$
$$  GRID Data
$$
GRID           5        2.0     -2.0    0.0     
GRID           6        2.0     -1.8    0.0     
GRID           7        2.0     -1.6    0.0     
GRID           8        2.0     -1.4    0.0     
GRID           9        2.0     -1.2    0.0     
GRID          10        2.0     -1.0    0.0     
GRID          11        2.0     -0.8    0.0     
GRID          12        2.0     -0.6    0.0     
GRID          13        2.0     -0.4    0.0     
GRID          14        2.0     -0.2    0.0     
GRID          15        2.0     0.0     0.0     
GRID          16        2.0     0.2     0.0     
GRID          17        2.0     0.4     0.0     
GRID          18        2.0     0.6     0.0     
GRID          19        2.0     0.8     0.0     
GRID          20        2.0     1.0     0.0     
GRID          21        2.0     1.2     0.0     
GRID          22        2.0     1.4     0.0     
GRID          23        2.0     1.6     0.0     
GRID          24        2.0     1.8     0.0     
GRID          25        2.0     2.0     0.0     
GRID          26        1.8     2.0     0.0     
GRID          27        1.6     2.0     0.0     
GRID          28        1.4     2.0     0.0     
GRID          29        1.2     2.0     0.0     
GRID          30        1.0     2.0     0.0     
GRID          31        0.8     2.0     0.0     
GRID          32        0.6     2.0     0.0     
GRID          33        0.4     2.0     0.0     
GRID          34        0.2     2.0     0.0     
GRID          35        0.0     2.0     0.0     
GRID          36        -0.2    2.0     0.0     
GRID          37        -0.4    2.0     0.0     
GRID          38        -0.6    2.0     0.0     
GRID          39        -0.8    2.0     0.0     
GRID          40        -1.0    2.0     0.0     
GRID          41        -1.2    2.0     0.0     
GRID          42        -1.4    2.0     0.0     
GRID          43        -1.6    2.0     0.0     
GRID          44        -1.8    2.0     0.0     
GRID          45        -2.0    2.0     0.0     
GRID          46        -2.0    1.8     0.0     
GRID          47        -2.0    1.6     0.0     
GRID          48        -2.0    1.4     0.0     
GRID          49        -2.0    1.2     0.0     
GRID          50        -2.0    1.0     0.0     
GRID          51        -2.0    0.8     0.0     
GRID          52        -2.0    0.6     0.0     
GRID          53        -2.0    0.4     0.0     
GRID          54        -2.0    0.2     0.0     
GRID          55        -2.0    0.0     0.0     
GRID          56        -2.0    -0.2    0.0     
GRID          57        -2.0    -0.4    0.0     
GRID          58        -2.0    -0.6    0.0     
GRID          59        -2.0    -0.8    0.0     
GRID          60        -2.0    -1.0    0.0     
GRID          61        -2.0    -1.2    0.0     
GRID          62        -2.0    -1.4    0.0     
GRID          63        -2.0    -1.6    0.0     
GRID          64        -2.0    -1.8    0.0     
GRID          65        -2.0    -2.0    0.0     
GRID          66        -1.8    -2.0    0.0     
GRID          67        -1.6    -2.0    0.0     
GRID          68        -1.4    -2.0    0.0     
GRID          69        -1.2    -2.0    0.0     
GRID          70        -1.0    -2.0    0.0     
GRID          71        -0.8    -2.0    0.0     
GRID          72        -0.6    -2.0    0.0     
GRID          73        -0.4    -2.0    0.0     
GRID          74        -0.2    -2.0    0.0     
GRID          75        0.0     -2.0    0.0     
GRID          76        0.2     -2.0    0.0     
GRID          77        0.4     -2.0    0.0     
GRID          78        0.6     -2.0    0.0     
GRID          79        0.8     -2.0    0.0     
GRID          80        1.0     -2.0    0.0     
GRID          81        1.2     -2.0    0.0     
GRID          82        1.4     -2.0    0.0     
GRID          83        1.6     -2.0    0.0     
GRID          84        1.8     -2.0    0.0     
GRID          85        -1.8    0.0     0.0     
GRID          86        -1.6    0.0     0.0     
GRID          87        -1.4    0.0     0.0     
GRID          88        -1.2    -2.22-160.0     
GRID          89        -1.0    0.0     0.0     
GRID          90        -0.8    0.0     0.0     
GRID          91        -0.6    0.0     0.0     
GRID          92        -0.4    0.0     0.0     
GRID          93        -0.2    0.0     0.0     
GRID          94        0.0     0.0     0.0     
GRID          95        0.2     0.0     0.0     
GRID          96        0.4     0.0     0.0     
GRID          97        0.6     0.0     0.0     
GRID          98        0.8     0.0     0.0     
GRID          99        1.0     0.0     0.0     
GRID         100        1.2     0.0     0.0     
GRID         101        1.4     0.0     0.0     
GRID         102        1.6     0.0     0.0     
GRID         103        1.8     0.0     0.0     
GRID         104        0.0     0.2     0.0     
GRID         105        0.0     0.4     0.0     
GRID         106        0.0     0.6     0.0     
GRID         107        0.0     0.8     0.0     
GRID         108        0.0     1.0     0.0     
GRID         109        0.0     1.2     0.0     
GRID         110        -4.44-161.4     0.0     
GRID         111        0.0     1.6     0.0     
GRID         112        0.0     1.8     0.0     
GRID         113        -0.2    1.0     0.0     
GRID         114        -0.4    1.0     0.0     
GRID         115        -0.6    1.0     0.0     
GRID         116        -0.8    1.0     0.0     
GRID         117        -1.0    1.0     0.0     
GRID         118        -1.2    1.0     0.0     
GRID         119        -1.4    1.0     0.0     
GRID         120        -1.6    1.0     0.0     
GRID         121        -1.8    1.0     0.0     
GRID         122        -1.0    0.8     0.0     
GRID         123        -1.0    0.6     0.0     
GRID         124        -1.0    0.4     0.0     
GRID         125        -1.0    0.2     0.0     
GRID         126        -0.8    0.6     0.0     
GRID         127        -0.6    0.6     0.0     
GRID         128        -0.4    0.6     0.0     
GRID         129        -0.2    0.6     0.0     
GRID         130        -0.6    0.8     0.0     
GRID         131        -0.8    0.8     0.0     
GRID         132        -0.4    0.8     0.0     
GRID         133        -0.2    0.8     0.0     
GRID         134        -0.6    0.2     0.0     
GRID         135        -0.6    0.4     0.0     
GRID         136        -0.8    0.2     0.0     
GRID         137        -0.8    0.4     0.0     
GRID         138        -0.2    0.2     0.0     
GRID         139        -0.4    0.2     0.0     
GRID         140        -0.2    0.4     0.0     
GRID         141        -0.4    0.4     0.0     
GRID         142        -1.8    0.6     0.0     
GRID         143        -1.6    0.6     0.0     
GRID         144        -1.4    0.6     0.0     
GRID         145        -1.2    0.6     0.0     
GRID         146        -1.6    0.8     0.0     
GRID         147        -1.8    0.8     0.0     
GRID         148        -1.4    0.8     0.0     
GRID         149        -1.2    0.8     0.0     
GRID         150        -1.6    0.2     0.0     
GRID         151        -1.6    0.4     0.0     
GRID         152        -1.8    0.2     0.0     
GRID         153        -1.8    0.4     0.0     
GRID         154        -1.2    0.2     0.0     
GRID         155        -1.4    0.2     0.0     
GRID         156        -1.2    0.4     0.0     
GRID         157        -1.4    0.4     0.0     
GRID         158        -1.0    1.8     0.0     
GRID         159        -1.0    1.6     0.0     
GRID         160        -1.0    1.4     0.0     
GRID         161        -1.0    1.2     0.0     
GRID         162        -0.8    1.6     0.0     
GRID         163        -0.6    1.6     0.0     
GRID         164        -0.4    1.6     0.0     
GRID         165        -0.2    1.6     0.0     
GRID         166        -0.6    1.8     0.0     
GRID         167        -0.8    1.8     0.0     
GRID         168        -0.4    1.8     0.0     
GRID         169        -0.2    1.8     0.0     
GRID         170        -0.6    1.2     0.0     
GRID         171        -0.6    1.4     0.0     
GRID         172        -0.8    1.2     0.0     
GRID         173        -0.8    1.4     0.0     
GRID         174        -0.2    1.2     0.0     
GRID         175        -0.4    1.2     0.0     
GRID         176        -0.2    1.4     0.0     
GRID         177        -0.4    1.4     0.0     
GRID         178        -1.8    1.6     0.0     
GRID         179        -1.6    1.6     0.0     
GRID         180        -1.4    1.6     0.0     
GRID         181        -1.2    1.6     0.0     
GRID         182        -1.6    1.8     0.0     
GRID         183        -1.8    1.8     0.0     
GRID         184        -1.4    1.8     0.0     
GRID         185        -1.2    1.8     0.0     
GRID         186        -1.6    1.2     0.0     
GRID         187        -1.6    1.4     0.0     
GRID         188        -1.8    1.2     0.0     
GRID         189        -1.8    1.4     0.0     
GRID         190        -1.4    1.2     0.0     
GRID         191        -1.4    1.4     0.0     
GRID         192        -1.2    1.2     0.0     
GRID         193        -1.2    1.4     0.0     
GRID         194        1.8     1.0     0.0     
GRID         195        1.6     1.0     0.0     
GRID         196        1.4     1.0     0.0     
GRID         197        1.2     1.0     0.0     
GRID         198        1.0     1.0     0.0     
GRID         199        0.8     1.0     0.0     
GRID         200        0.6     1.0     0.0     
GRID         201        0.4     1.0     0.0     
GRID         202        0.2     1.0     0.0     
GRID         203        1.0     0.8     0.0     
GRID         204        1.0     0.6     0.0     
GRID         205        1.0     0.4     0.0     
GRID         206        1.0     0.2     0.0     
GRID         207        1.2     0.6     0.0     
GRID         208        1.4     0.6     0.0     
GRID         209        1.6     0.6     0.0     
GRID         210        1.8     0.6     0.0     
GRID         211        1.4     0.8     0.0     
GRID         212        1.2     0.8     0.0     
GRID         213        1.6     0.8     0.0     
GRID         214        1.8     0.8     0.0     
GRID         215        1.4     0.2     0.0     
GRID         216        1.4     0.4     0.0     
GRID         217        1.2     0.2     0.0     
GRID         218        1.2     0.4     0.0     
GRID         219        1.8     0.2     0.0     
GRID         220        1.6     0.2     0.0     
GRID         221        1.8     0.4     0.0     
GRID         222        1.6     0.4     0.0     
GRID         223        0.2     0.6     0.0     
GRID         224        0.4     0.6     0.0     
GRID         225        0.6     0.6     0.0     
GRID         226        0.8     0.6     0.0     
GRID         227        0.4     0.8     0.0     
GRID         228        0.2     0.8     0.0     
GRID         229        0.6     0.8     0.0     
GRID         230        0.8     0.8     0.0     
GRID         231        0.4     0.2     0.0     
GRID         232        0.4     0.4     0.0     
GRID         233        0.2     0.2     0.0     
GRID         234        0.2     0.4     0.0     
GRID         235        0.8     0.2     0.0     
GRID         236        0.6     0.2     0.0     
GRID         237        0.8     0.4     0.0     
GRID         238        0.6     0.4     0.0     
GRID         239        1.0     1.8     0.0     
GRID         240        1.0     1.6     0.0     
GRID         241        1.0     1.4     0.0     
GRID         242        1.0     1.2     0.0     
GRID         243        1.2     1.6     0.0     
GRID         244        1.4     1.6     0.0     
GRID         245        1.6     1.6     0.0     
GRID         246        1.8     1.6     0.0     
GRID         247        1.4     1.8     0.0     
GRID         248        1.2     1.8     0.0     
GRID         249        1.6     1.8     0.0     
GRID         250        1.8     1.8     0.0     
GRID         251        1.4     1.2     0.0     
GRID         252        1.4     1.4     0.0     
GRID         253        1.2     1.2     0.0     
GRID         254        1.2     1.4     0.0     
GRID         255        1.8     1.2     0.0     
GRID         256        1.6     1.2     0.0     
GRID         257        1.8     1.4     0.0     
GRID         258        1.6     1.4     0.0     
GRID         259        0.2     1.6     0.0     
GRID         260        0.4     1.6     0.0     
GRID         261        0.6     1.6     0.0     
GRID         262        0.8     1.6     0.0     
GRID         263        0.4     1.8     0.0     
GRID         264        0.2     1.8     0.0     
GRID         265        0.6     1.8     0.0     
GRID         266        0.8     1.8     0.0     
GRID         267        0.4     1.2     0.0     
GRID         268        0.4     1.4     0.0     
GRID         269        0.2     1.2     0.0     
GRID         270        0.2     1.4     0.0     
GRID         271        0.6     1.2     0.0     
GRID         272        0.6     1.4     0.0     
GRID         273        0.8     1.2     0.0     
GRID         274        0.8     1.4     0.0     
GRID         275        0.0     -1.8    0.0     
GRID         276        0.0     -1.6    0.0     
GRID         277        0.0     -1.4    0.0     
GRID         278        0.0     -1.2    0.0     
GRID         279        0.0     -1.0    0.0     
GRID         280        0.0     -0.8    0.0     
GRID         281        0.0     -0.6    0.0     
GRID         282        0.0     -0.4    0.0     
GRID         283        0.0     -0.2    0.0     
GRID         284        -0.2    -1.0    0.0     
GRID         285        -0.4    -1.0    0.0     
GRID         286        -0.6    -1.0    0.0     
GRID         287        -0.8    -1.0    0.0     
GRID         288        -1.0    -1.0    0.0     
GRID         289        -1.2    -1.0    0.0     
GRID         290        -1.4    -1.0    0.0     
GRID         291        -1.6    -1.0    0.0     
GRID         292        -1.8    -1.0    0.0     
GRID         293        -1.0    -1.2    0.0     
GRID         294        -1.0    -1.4    0.0     
GRID         295        -1.0    -1.6    0.0     
GRID         296        -1.0    -1.8    0.0     
GRID         297        -0.8    -1.4    0.0     
GRID         298        -0.6    -1.4    0.0     
GRID         299        -0.4    -1.4    0.0     
GRID         300        -0.2    -1.4    0.0     
GRID         301        -0.6    -1.2    0.0     
GRID         302        -0.8    -1.2    0.0     
GRID         303        -0.4    -1.2    0.0     
GRID         304        -0.2    -1.2    0.0     
GRID         305        -0.6    -1.8    0.0     
GRID         306        -0.6    -1.6    0.0     
GRID         307        -0.8    -1.8    0.0     
GRID         308        -0.8    -1.6    0.0     
GRID         309        -0.2    -1.8    0.0     
GRID         310        -0.4    -1.8    0.0     
GRID         311        -0.2    -1.6    0.0     
GRID         312        -0.4    -1.6    0.0     
GRID         313        -1.8    -1.4    0.0     
GRID         314        -1.6    -1.4    0.0     
GRID         315        -1.4    -1.4    0.0     
GRID         316        -1.2    -1.4    0.0     
GRID         317        -1.6    -1.2    0.0     
GRID         318        -1.8    -1.2    0.0     
GRID         319        -1.4    -1.2    0.0     
GRID         320        -1.2    -1.2    0.0     
GRID         321        -1.6    -1.8    0.0     
GRID         322        -1.6    -1.6    0.0     
GRID         323        -1.8    -1.8    0.0     
GRID         324        -1.8    -1.6    0.0     
GRID         325        -1.2    -1.8    0.0     
GRID         326        -1.4    -1.8    0.0     
GRID         327        -1.2    -1.6    0.0     
GRID         328        -1.4    -1.6    0.0     
GRID         329        -1.0    -0.2    0.0     
GRID         330        -1.0    -0.4    0.0     
GRID         331        -1.0    -0.6    0.0     
GRID         332        -1.0    -0.8    0.0     
GRID         333        -0.8    -0.4    0.0     
GRID         334        -0.6    -0.4    0.0     
GRID         335        -0.4    -0.4    0.0     
GRID         336        -0.2    -0.4    0.0     
GRID         337        -0.6    -0.2    0.0     
GRID         338        -0.8    -0.2    0.0     
GRID         339        -0.4    -0.2    0.0     
GRID         340        -0.2    -0.2    0.0     
GRID         341        -0.6    -0.8    0.0     
GRID         342        -0.6    -0.6    0.0     
GRID         343        -0.8    -0.8    0.0     
GRID         344        -0.8    -0.6    0.0     
GRID         345        -0.2    -0.8    0.0     
GRID         346        -0.4    -0.8    0.0     
GRID         347        -0.2    -0.6    0.0     
GRID         348        -0.4    -0.6    0.0     
GRID         349        -1.8    -0.4    0.0     
GRID         350        -1.6    -0.4    0.0     
GRID         351        -1.4    -0.4    0.0     
GRID         352        -1.2    -0.4    0.0     
GRID         353        -1.6    -0.2    0.0     
GRID         354        -1.8    -0.2    0.0     
GRID         355        -1.4    -0.2    0.0     
GRID         356        -1.2    -0.2    0.0     
GRID         357        -1.6    -0.8    0.0     
GRID         358        -1.6    -0.6    0.0     
GRID         359        -1.8    -0.8    0.0     
GRID         360        -1.8    -0.6    0.0     
GRID         361        -1.2    -0.8    0.0     
GRID         362        -1.4    -0.8    0.0     
GRID         363        -1.2    -0.6    0.0     
GRID         364        -1.4    -0.6    0.0     
GRID         365        1.8     -1.0    0.0     
GRID         366        1.6     -1.0    0.0     
GRID         367        1.4     -1.0    0.0     
GRID         368        1.2     -1.0    0.0     
GRID         369        1.0     -1.0    0.0     
GRID         370        0.8     -1.0    0.0     
GRID         371        0.6     -1.0    0.0     
GRID         372        0.4     -1.0    0.0     
GRID         373        0.2     -1.0    0.0     
GRID         374        1.0     -1.2    0.0     
GRID         375        1.0     -1.4    0.0     
GRID         376        1.0     -1.6    0.0     
GRID         377        1.0     -1.8    0.0     
GRID         378        1.2     -1.4    0.0     
GRID         379        1.4     -1.4    0.0     
GRID         380        1.6     -1.4    0.0     
GRID         381        1.8     -1.4    0.0     
GRID         382        1.4     -1.2    0.0     
GRID         383        1.2     -1.2    0.0     
GRID         384        1.6     -1.2    0.0     
GRID         385        1.8     -1.2    0.0     
GRID         386        1.4     -1.8    0.0     
GRID         387        1.4     -1.6    0.0     
GRID         388        1.2     -1.8    0.0     
GRID         389        1.2     -1.6    0.0     
GRID         390        1.8     -1.8    0.0     
GRID         391        1.6     -1.8    0.0     
GRID         392        1.8     -1.6    0.0     
GRID         393        1.6     -1.6    0.0     
GRID         394        0.2     -1.4    0.0     
GRID         395        0.4     -1.4    0.0     
GRID         396        0.6     -1.4    0.0     
GRID         397        0.8     -1.4    0.0     
GRID         398        0.4     -1.2    0.0     
GRID         399        0.2     -1.2    0.0     
GRID         400        0.6     -1.2    0.0     
GRID         401        0.8     -1.2    0.0     
GRID         402        0.4     -1.8    0.0     
GRID         403        0.4     -1.6    0.0     
GRID         404        0.2     -1.8    0.0     
GRID         405        0.2     -1.6    0.0     
GRID         406        0.8     -1.8    0.0     
GRID         407        0.6     -1.8    0.0     
GRID         408        0.8     -1.6    0.0     
GRID         409        0.6     -1.6    0.0     
GRID         410        1.0     -0.2    0.0     
GRID         411        1.0     -0.4    0.0     
GRID         412        1.0     -0.6    0.0     
GRID         413        1.0     -0.8    0.0     
GRID         414        1.2     -0.4    0.0     
GRID         415        1.4     -0.4    0.0     
GRID         416        1.6     -0.4    0.0     
GRID         417        1.8     -0.4    0.0     
GRID         418        1.4     -0.2    0.0     
GRID         419        1.2     -0.2    0.0     
GRID         420        1.6     -0.2    0.0     
GRID         421        1.8     -0.2    0.0     
GRID         422        1.4     -0.8    0.0     
GRID         423        1.4     -0.6    0.0     
GRID         424        1.2     -0.8    0.0     
GRID         425        1.2     -0.6    0.0     
GRID         426        1.8     -0.8    0.0     
GRID         427        1.6     -0.8    0.0     
GRID         428        1.8     -0.6    0.0     
GRID         429        1.6     -0.6    0.0     
GRID         430        0.2     -0.4    0.0     
GRID         431        0.4     -0.4    0.0     
GRID         432        0.6     -0.4    0.0     
GRID         433        0.8     -0.4    0.0     
GRID         434        0.4     -0.2    0.0     
GRID         435        0.2     -0.2    0.0     
GRID         436        0.6     -0.2    0.0     
GRID         437        0.8     -0.2    0.0     
GRID         438        0.4     -0.8    0.0     
GRID         439        0.4     -0.6    0.0     
GRID         440        0.2     -0.8    0.0     
GRID         441        0.2     -0.6    0.0     
GRID         442        0.8     -0.8    0.0     
GRID         443        0.6     -0.8    0.0     
GRID         444        0.8     -0.6    0.0     
GRID         445        0.6     -0.6    0.0     
$$
$$  CQUAD4 Elements
$$
CQUAD4         1       0     127     130     131     126
CQUAD4         2       0     126     131     122     123
CQUAD4         3       0     130     115     116     131
CQUAD4         4       0     131     116     117     122
CQUAD4         5       0     128     132     130     127
CQUAD4         6       0     132     114     115     130
CQUAD4         7       0     106     107     133     129
CQUAD4         8       0     129     133     132     128
CQUAD4         9       0     107     108     113     133
CQUAD4        10       0     133     113     114     132
CQUAD4        11       0      91     134     136      90
CQUAD4        12       0      90     136     125      89
CQUAD4        13       0     126     137     135     127
CQUAD4        14       0     137     136     134     135
CQUAD4        15       0     123     124     137     126
CQUAD4        16       0     124     125     136     137
CQUAD4        17       0      94     104     138      93
CQUAD4        18       0      93     138     139      92
CQUAD4        19       0      92     139     134      91
CQUAD4        20       0     129     140     105     106
CQUAD4        21       0     140     138     104     105
CQUAD4        22       0     127     135     141     128
CQUAD4        23       0     128     141     140     129
CQUAD4        24       0     135     134     139     141
CQUAD4        25       0     141     139     138     140
CQUAD4        26       0     143     146     147     142
CQUAD4        27       0     142     147      51      52
CQUAD4        28       0     146     120     121     147
CQUAD4        29       0     147     121      50      51
CQUAD4        30       0     144     148     146     143
CQUAD4        31       0     148     119     120     146
CQUAD4        32       0     145     149     148     144
CQUAD4        33       0     149     118     119     148
CQUAD4        34       0     123     122     149     145
CQUAD4        35       0     122     117     118     149
CQUAD4        36       0      86     150     152      85
CQUAD4        37       0      85     152      54      55
CQUAD4        38       0     150     151     153     152
CQUAD4        39       0     152     153      53      54
CQUAD4        40       0     151     143     142     153
CQUAD4        41       0     153     142      52      53
CQUAD4        42       0      89     125     154      88
CQUAD4        43       0      88     154     155      87
CQUAD4        44       0      87     155     150      86
CQUAD4        45       0     145     156     124     123
CQUAD4        46       0     156     154     125     124
CQUAD4        47       0     143     151     157     144
CQUAD4        48       0     144     157     156     145
CQUAD4        49       0     151     150     155     157
CQUAD4        50       0     157     155     154     156
CQUAD4        51       0     163     166     167     162
CQUAD4        52       0     162     167     158     159
CQUAD4        53       0     166      38      39     167
CQUAD4        54       0     167      39      40     158
CQUAD4        55       0     164     168     166     163
CQUAD4        56       0     168      37      38     166
CQUAD4        57       0     111     112     169     165
CQUAD4        58       0     165     169     168     164
CQUAD4        59       0     112      35      36     169
CQUAD4        60       0     169      36      37     168
CQUAD4        61       0     115     170     172     116
CQUAD4        62       0     116     172     161     117
CQUAD4        63       0     162     173     171     163
CQUAD4        64       0     173     172     170     171
CQUAD4        65       0     159     160     173     162
CQUAD4        66       0     160     161     172     173
CQUAD4        67       0     108     109     174     113
CQUAD4        68       0     113     174     175     114
CQUAD4        69       0     114     175     170     115
CQUAD4        70       0     165     176     110     111
CQUAD4        71       0     176     174     109     110
CQUAD4        72       0     163     171     177     164
CQUAD4        73       0     164     177     176     165
CQUAD4        74       0     171     170     175     177
CQUAD4        75       0     177     175     174     176
CQUAD4        76       0     179     182     183     178
CQUAD4        77       0     178     183      46      47
CQUAD4        78       0     182      43      44     183
CQUAD4        79       0     183      44      45      46
CQUAD4        80       0     180     184     182     179
CQUAD4        81       0     184      42      43     182
CQUAD4        82       0     159     158     185     181
CQUAD4        83       0     181     185     184     180
CQUAD4        84       0     158      40      41     185
CQUAD4        85       0     185      41      42     184
CQUAD4        86       0     120     186     188     121
CQUAD4        87       0     121     188      49      50
CQUAD4        88       0     178     189     187     179
CQUAD4        89       0     189     188     186     187
CQUAD4        90       0      47      48     189     178
CQUAD4        91       0      48      49     188     189
CQUAD4        92       0     119     190     186     120
CQUAD4        93       0     190     191     187     186
CQUAD4        94       0     191     180     179     187
CQUAD4        95       0     117     161     192     118
CQUAD4        96       0     118     192     190     119
CQUAD4        97       0     181     193     160     159
CQUAD4        98       0     193     192     161     160
CQUAD4        99       0     180     191     193     181
CQUAD4       100       0     191     190     192     193
CQUAD4       101       0     208     211     212     207
CQUAD4       102       0     207     212     203     204
CQUAD4       103       0     211     196     197     212
CQUAD4       104       0     212     197     198     203
CQUAD4       105       0     209     213     211     208
CQUAD4       106       0     213     195     196     211
CQUAD4       107       0      18      19     214     210
CQUAD4       108       0     210     214     213     209
CQUAD4       109       0      19      20     194     214
CQUAD4       110       0     214     194     195     213
CQUAD4       111       0     101     215     217     100
CQUAD4       112       0     100     217     206      99
CQUAD4       113       0     207     218     216     208
CQUAD4       114       0     218     217     215     216
CQUAD4       115       0     204     205     218     207
CQUAD4       116       0     205     206     217     218
CQUAD4       117       0      15      16     219     103
CQUAD4       118       0     103     219     220     102
CQUAD4       119       0     102     220     215     101
CQUAD4       120       0     210     221      17      18
CQUAD4       121       0     221     219      16      17
CQUAD4       122       0     209     222     221     210
CQUAD4       123       0     222     220     219     221
CQUAD4       124       0     208     216     222     209
CQUAD4       125       0     216     215     220     222
CQUAD4       126       0     224     227     228     223
CQUAD4       127       0     223     228     107     106
CQUAD4       128       0     227     201     202     228
CQUAD4       129       0     228     202     108     107
CQUAD4       130       0     225     229     227     224
CQUAD4       131       0     229     200     201     227
CQUAD4       132       0     204     203     230     226
CQUAD4       133       0     226     230     229     225
CQUAD4       134       0     203     198     199     230
CQUAD4       135       0     230     199     200     229
CQUAD4       136       0      96     231     233      95
CQUAD4       137       0      95     233     104      94
CQUAD4       138       0     223     234     232     224
CQUAD4       139       0     234     233     231     232
CQUAD4       140       0     106     105     234     223
CQUAD4       141       0     105     104     233     234
CQUAD4       142       0      99     206     235      98
CQUAD4       143       0      98     235     236      97
CQUAD4       144       0      97     236     231      96
CQUAD4       145       0     226     237     205     204
CQUAD4       146       0     237     235     206     205
CQUAD4       147       0     225     238     237     226
CQUAD4       148       0     238     236     235     237
CQUAD4       149       0     224     232     238     225
CQUAD4       150       0     232     231     236     238
CQUAD4       151       0     243     248     239     240
CQUAD4       152       0     248      29      30     239
CQUAD4       153       0     244     247     248     243
CQUAD4       154       0     247      28      29     248
CQUAD4       155       0     245     249     247     244
CQUAD4       156       0     249      27      28     247
CQUAD4       157       0      23      24     250     246
CQUAD4       158       0     246     250     249     245
CQUAD4       159       0      24      25      26     250
CQUAD4       160       0     250      26      27     249
CQUAD4       161       0     196     251     253     197
CQUAD4       162       0     197     253     242     198
CQUAD4       163       0     243     254     252     244
CQUAD4       164       0     254     253     251     252
CQUAD4       165       0     240     241     254     243
CQUAD4       166       0     241     242     253     254
CQUAD4       167       0      20      21     255     194
CQUAD4       168       0     194     255     256     195
CQUAD4       169       0     195     256     251     196
CQUAD4       170       0     246     257      22      23
CQUAD4       171       0     257     255      21      22
CQUAD4       172       0     244     252     258     245
CQUAD4       173       0     245     258     257     246
CQUAD4       174       0     252     251     256     258
CQUAD4       175       0     258     256     255     257
CQUAD4       176       0     260     263     264     259
CQUAD4       177       0     259     264     112     111
CQUAD4       178       0     263      33      34     264
CQUAD4       179       0     264      34      35     112
CQUAD4       180       0     261     265     263     260
CQUAD4       181       0     265      32      33     263
CQUAD4       182       0     262     266     265     261
CQUAD4       183       0     266      31      32     265
CQUAD4       184       0     240     239     266     262
CQUAD4       185       0     239      30      31     266
CQUAD4       186       0     201     267     269     202
CQUAD4       187       0     202     269     109     108
CQUAD4       188       0     259     270     268     260
CQUAD4       189       0     270     269     267     268
CQUAD4       190       0     111     110     270     259
CQUAD4       191       0     110     109     269     270
CQUAD4       192       0     200     271     267     201
CQUAD4       193       0     271     272     268     267
CQUAD4       194       0     272     261     260     268
CQUAD4       195       0     198     242     273     199
CQUAD4       196       0     199     273     271     200
CQUAD4       197       0     262     274     241     240
CQUAD4       198       0     274     273     242     241
CQUAD4       199       0     261     272     274     262
CQUAD4       200       0     272     271     273     274
CQUAD4       201       0     298     301     302     297
CQUAD4       202       0     297     302     293     294
CQUAD4       203       0     301     286     287     302
CQUAD4       204       0     302     287     288     293
CQUAD4       205       0     299     303     301     298
CQUAD4       206       0     303     285     286     301
CQUAD4       207       0     277     278     304     300
CQUAD4       208       0     300     304     303     299
CQUAD4       209       0     278     279     284     304
CQUAD4       210       0     304     284     285     303
CQUAD4       211       0      72     305     307      71
CQUAD4       212       0      71     307     296      70
CQUAD4       213       0     305     306     308     307
CQUAD4       214       0     307     308     295     296
CQUAD4       215       0     306     298     297     308
CQUAD4       216       0     308     297     294     295
CQUAD4       217       0      75     275     309      74
CQUAD4       218       0      74     309     310      73
CQUAD4       219       0      73     310     305      72
CQUAD4       220       0     300     311     276     277
CQUAD4       221       0     311     309     275     276
CQUAD4       222       0     298     306     312     299
CQUAD4       223       0     299     312     311     300
CQUAD4       224       0     306     305     310     312
CQUAD4       225       0     312     310     309     311
CQUAD4       226       0     314     317     318     313
CQUAD4       227       0     313     318      61      62
CQUAD4       228       0     317     291     292     318
CQUAD4       229       0     318     292      60      61
CQUAD4       230       0     315     319     317     314
CQUAD4       231       0     319     290     291     317
CQUAD4       232       0     316     320     319     315
CQUAD4       233       0     320     289     290     319
CQUAD4       234       0     294     293     320     316
CQUAD4       235       0     293     288     289     320
CQUAD4       236       0      67     321     323      66
CQUAD4       237       0      66     323      64      65
CQUAD4       238       0     321     322     324     323
CQUAD4       239       0     323     324      63      64
CQUAD4       240       0     322     314     313     324
CQUAD4       241       0     324     313      62      63
CQUAD4       242       0      70     296     325      69
CQUAD4       243       0      69     325     326      68
CQUAD4       244       0      68     326     321      67
CQUAD4       245       0     316     327     295     294
CQUAD4       246       0     327     325     296     295
CQUAD4       247       0     315     328     327     316
CQUAD4       248       0     328     326     325     327
CQUAD4       249       0     314     322     328     315
CQUAD4       250       0     322     321     326     328
CQUAD4       251       0     334     337     338     333
CQUAD4       252       0     333     338     329     330
CQUAD4       253       0     337      91      90     338
CQUAD4       254       0     338      90      89     329
CQUAD4       255       0     335     339     337     334
CQUAD4       256       0     339      92      91     337
CQUAD4       257       0     282     283     340     336
CQUAD4       258       0     336     340     339     335
CQUAD4       259       0     283      94      93     340
CQUAD4       260       0     340      93      92     339
CQUAD4       261       0     286     341     343     287
CQUAD4       262       0     287     343     332     288
CQUAD4       263       0     333     344     342     334
CQUAD4       264       0     344     343     341     342
CQUAD4       265       0     330     331     344     333
CQUAD4       266       0     331     332     343     344
CQUAD4       267       0     279     280     345     284
CQUAD4       268       0     284     345     346     285
CQUAD4       269       0     285     346     341     286
CQUAD4       270       0     336     347     281     282
CQUAD4       271       0     347     345     280     281
CQUAD4       272       0     334     342     348     335
CQUAD4       273       0     335     348     347     336
CQUAD4       274       0     342     341     346     348
CQUAD4       275       0     348     346     345     347
CQUAD4       276       0     350     353     354     349
CQUAD4       277       0     349     354      56      57
CQUAD4       278       0     353      86      85     354
CQUAD4       279       0     354      85      55      56
CQUAD4       280       0     351     355     353     350
CQUAD4       281       0     355      87      86     353
CQUAD4       282       0     330     329     356     352
CQUAD4       283       0     352     356     355     351
CQUAD4       284       0     329      89      88     356
CQUAD4       285       0     356      88      87     355
CQUAD4       286       0     291     357     359     292
CQUAD4       287       0     292     359      59      60
CQUAD4       288       0     349     360     358     350
CQUAD4       289       0     360     359     357     358
CQUAD4       290       0      57      58     360     349
CQUAD4       291       0      58      59     359     360
CQUAD4       292       0     288     332     361     289
CQUAD4       293       0     289     361     362     290
CQUAD4       294       0     290     362     357     291
CQUAD4       295       0     352     363     331     330
CQUAD4       296       0     363     361     332     331
CQUAD4       297       0     350     358     364     351
CQUAD4       298       0     351     364     363     352
CQUAD4       299       0     358     357     362     364
CQUAD4       300       0     364     362     361     363
CQUAD4       301       0     379     382     383     378
CQUAD4       302       0     378     383     374     375
CQUAD4       303       0     382     367     368     383
CQUAD4       304       0     383     368     369     374
CQUAD4       305       0     380     384     382     379
CQUAD4       306       0     384     366     367     382
CQUAD4       307       0       8       9     385     381
CQUAD4       308       0     381     385     384     380
CQUAD4       309       0       9      10     365     385
CQUAD4       310       0     385     365     366     384
CQUAD4       311       0      82     386     388      81
CQUAD4       312       0      81     388     377      80
CQUAD4       313       0     378     389     387     379
CQUAD4       314       0     389     388     386     387
CQUAD4       315       0     375     376     389     378
CQUAD4       316       0     376     377     388     389
CQUAD4       317       0       5       6     390      84
CQUAD4       318       0      84     390     391      83
CQUAD4       319       0      83     391     386      82
CQUAD4       320       0     381     392       7       8
CQUAD4       321       0     392     390       6       7
CQUAD4       322       0     380     393     392     381
CQUAD4       323       0     393     391     390     392
CQUAD4       324       0     379     387     393     380
CQUAD4       325       0     387     386     391     393
CQUAD4       326       0     395     398     399     394
CQUAD4       327       0     394     399     278     277
CQUAD4       328       0     398     372     373     399
CQUAD4       329       0     399     373     279     278
CQUAD4       330       0     396     400     398     395
CQUAD4       331       0     400     371     372     398
CQUAD4       332       0     375     374     401     397
CQUAD4       333       0     397     401     400     396
CQUAD4       334       0     374     369     370     401
CQUAD4       335       0     401     370     371     400
CQUAD4       336       0      77     402     404      76
CQUAD4       337       0      76     404     275      75
CQUAD4       338       0     394     405     403     395
CQUAD4       339       0     405     404     402     403
CQUAD4       340       0     277     276     405     394
CQUAD4       341       0     276     275     404     405
CQUAD4       342       0      80     377     406      79
CQUAD4       343       0      79     406     407      78
CQUAD4       344       0      78     407     402      77
CQUAD4       345       0     397     408     376     375
CQUAD4       346       0     408     406     377     376
CQUAD4       347       0     396     409     408     397
CQUAD4       348       0     409     407     406     408
CQUAD4       349       0     395     403     409     396
CQUAD4       350       0     403     402     407     409
CQUAD4       351       0     415     418     419     414
CQUAD4       352       0     414     419     410     411
CQUAD4       353       0     418     101     100     419
CQUAD4       354       0     419     100      99     410
CQUAD4       355       0     416     420     418     415
CQUAD4       356       0     420     102     101     418
CQUAD4       357       0     417     421     420     416
CQUAD4       358       0     421     103     102     420
CQUAD4       359       0      13      14     421     417
CQUAD4       360       0      14      15     103     421
CQUAD4       361       0     367     422     424     368
CQUAD4       362       0     368     424     413     369
CQUAD4       363       0     414     425     423     415
CQUAD4       364       0     425     424     422     423
CQUAD4       365       0     411     412     425     414
CQUAD4       366       0     412     413     424     425
CQUAD4       367       0      10      11     426     365
CQUAD4       368       0     365     426     427     366
CQUAD4       369       0     366     427     422     367
CQUAD4       370       0     417     428      12      13
CQUAD4       371       0     428     426      11      12
CQUAD4       372       0     416     429     428     417
CQUAD4       373       0     429     427     426     428
CQUAD4       374       0     415     423     429     416
CQUAD4       375       0     423     422     427     429
CQUAD4       376       0     431     434     435     430
CQUAD4       377       0     430     435     283     282
CQUAD4       378       0     434      96      95     435
CQUAD4       379       0     435      95      94     283
CQUAD4       380       0     432     436     434     431
CQUAD4       381       0     436      97      96     434
CQUAD4       382       0     411     410     437     433
CQUAD4       383       0     433     437     436     432
CQUAD4       384       0     410      99      98     437
CQUAD4       385       0     437      98      97     436
CQUAD4       386       0     372     438     440     373
CQUAD4       387       0     373     440     280     279
CQUAD4       388       0     430     441     439     431
CQUAD4       389       0     441     440     438     439
CQUAD4       390       0     282     281     441     430
CQUAD4       391       0     281     280     440     441
CQUAD4       392       0     369     413     442     370
CQUAD4       393       0     370     442     443     371
CQUAD4       394       0     371     443     438     372
CQUAD4       395       0     433     444     412     411
CQUAD4       396       0     444     442     413     412
CQUAD4       397       0     432     445     444     433
CQUAD4       398       0     445     443     442     444
CQUAD4       399       0     431     439     445     432
CQUAD4       400       0     439     438     443     445
$
$HMMOVE        1
$              1THRU         400
$$
$$------------------------------------------------------------------------------$
$$    HyperMesh name and color information for generic components               $
$$------------------------------------------------------------------------------$
$HMNAME COMP                   1"auto1" 
$HWCOLOR COMP                  1       4
$

$

$
$$
$$------------------------------------------------------------------------------$
$$ HyperMesh Commands for loadcollectors name and color information $
$$------------------------------------------------------------------------------$
ENDDATA
$$
$$------------------------------------------------------------------------------$$
$$        Data Definition for AutoDV                                            $$
$$------------------------------------------------------------------------------$$
$$
$$-----------------------------------------------------------------------------$$
$$        Design Variables Card for Control Perturbations                      $$
$$-----------------------------------------------------------------------------$$
$$
$$------------------------------------------------------------------------------$
$$        Domain Element Definitions                                            $
$$------------------------------------------------------------------------------$
$$
$$------------------------------------------------------------------------------$$
$$            Control Perturbation                                              $$
$$------------------------------------------------------------------------------$$
